lines:
0: -1.28, -0.06, -2.47
0: -1.28, -0.06, 0.63
1: -0.69, -0.06, 1.27
1: -0.63, -0.06, 1.28
2: -0.75, -0.06, 1.26
2: -0.69, -0.06, 1.27
3: -0.81, -0.06, 1.25
3: -0.75, -0.06, 1.26
4: -0.87, -0.06, 1.23
4: -0.81, -0.06, 1.25
5: -0.93, -0.06, 1.20
5: -0.87, -0.06, 1.23
6: -0.99, -0.06, 1.17
6: -0.93, -0.06, 1.20
7: -1.04, -0.06, 1.13
7: -0.99, -0.06, 1.17
8: -1.09, -0.06, 1.09
8: -1.04, -0.06, 1.13
9: -1.13, -0.06, 1.04
9: -1.09, -0.06, 1.09
10: -1.17, -0.06, 0.99
10: -1.13, -0.06, 1.04
11: -1.20, -0.06, 0.93
11: -1.17, -0.06, 0.99
12: -1.23, -0.06, 0.88
12: -1.20, -0.06, 0.93
13: -1.25, -0.06, 0.82
13: -1.23, -0.06, 0.88
14: -1.26, -0.06, 0.75
14: -1.25, -0.06, 0.82
15: -1.27, -0.06, 0.69
15: -1.26, -0.06, 0.75
16: -1.28, -0.06, 0.63
16: -1.27, -0.06, 0.69
17: -0.63, -0.06, 1.28
17: 2.47, -0.06, 1.28
initialOOOOOOOOOOOOOOOOOO
post-fwdXXXXXXXXXXXXXXXXXX
post-revXXXXXXXXXXXXXXXXXX
